200

0
0
0
0
0
0
0
0
0
0
0
0
0
0
0
0
0
0
0
0
0
0
0
0
0.0001
0
0.0002
0.0001
0
0
0
0.0002
0
0
0.0001
0
0.0002
0.0002
0.0001
0.0001
0.0001
5e-05
0.0001
5e-05
5e-05
0.0001
0.00035
0.0003
0
0
5e-05
0.00025
5e-05
0.0002
0.0002
0.00015
0.00065
0.00025
0.00045
0.0007
0.0007
0.0007
0.00035
0.00065
0.00065
0.00045
0.0003
0.00025
0.0005
0.00065
0.0007
0.00025
0.0006
0.0005
0.00105
0.00075
0.0011
0.0006
0.0008
0.0015
0.0007
0.00055
0.00055
0.0015
0.00205
0.00145
0.0017
0.0021
0.00135
0.001
0.00275
0.0023
0.00175
0.0011
0.00135
0.0016
0.0023
0.00105
0.0019
0.00195
0.0023
0.0021
0.00305
0.0027
0.00345
0.00285
0.0019
0.00345
0.00295
0.00495
0.0032
0.00335
0.0042
0.00425
0.0027
0.00365
0.0066
0.00505
0.00505
0.00575
0.0042
0.0056
0.00505
0.00645
0.00585
0.00655
0.00625
0.0057
0.00615
0.0064
0.0084
0.0096
0.0082
0.01075
0.0068
0.0098
0.01045
0.00925
0.0122
0.0125
0.01195
0.01205
0.01195
0.01285
0.0122
0.0122
0.0134
0.01165
0.01545
0.01705
0.0165
0.01525
0.0154
0.0164
0.0161
0.01625
0.0198
0.01585
0.0189
0.0194
0.02415
0.0235
0.02415
0.0252
0.0213
0.0255
0.03165
0.0239
0.02545
0.02835
0.0297
0.0304
0.03435
0.03405
0.03325
0.0385
0.03875
0.0379
0.0374
0.0403
0.03725
0.0344
0.0401
0.04985
0.0425
0.04645
0.0486
0.04625
0.0466
0.045
0.05355
0.0476
0.0534
0.0556
0.0573
0.067
0.0566
0.06695
0.0644
0.0668
