200

0.051
0.0523
0.06375
0.0643
0.0697
0.07585
0.07675
0.0786
0.08675
0.09935
0.09585
0.09955
0.1019
0.10525
0.11255
0.1051
0.12395
0.13275
0.1385
0.12745
0.13495
0.1472
0.1602
0.1523
0.15825
0.1667
0.1706
0.1661
0.1791
0.18695
0.17535
0.1631
0.20225
0.18665
0.1935
0.20165
0.21005
0.2191
0.2157
0.21465
0.2218
0.20485
0.2305
0.23035
0.2308
0.24635
0.2395
0.2432
0.24155
0.2294
0.24495
0.24615
0.2539
0.24155
0.2494
0.26545
0.259
0.26535
0.27165
0.26615
0.2723
0.2906
0.26925
0.2937
0.30405
0.2794
0.28185
0.3022
0.3112
0.30165
0.30255
0.31185
0.31315
0.31275
0.3024
0.33105
0.3098
0.32015
0.3082
0.3212
0.30645
0.32825
0.32895
0.33635
0.34275
0.33665
0.3293
0.3373
0.35515
0.33115
0.3418
0.3454
0.3593
0.3472
0.345
0.3392
0.35745
0.36415
0.3517
0.3746
0.35705
0.3731
0.37175
0.36975
0.36545
0.36025
0.3862
0.38895
0.37525
0.3735
0.3746
0.39485
0.36585
0.39095
0.37305
0.37955
0.39075
0.40115
0.39365
0.3957
0.39775
0.3911
0.38195
0.4042
0.4034
0.39995
0.3969
0.41315
0.41155
0.39685
0.4148
0.40805
0.4156
0.41055
0.41415
0.4159
0.40175
0.41105
0.4086
0.42235
0.43335
0.41615
0.41885
0.4262
0.4283
0.4283
0.42085
0.4254
0.4268
0.42085
0.42915
0.42995
0.4234
0.42405
0.44475
0.4334
0.4274
0.43305
0.427
0.4367
0.42615
0.43495
0.43985
0.4495
0.4438
0.43475
0.43575
0.43725
0.43695
0.43765
0.45285
0.44255
0.44345
0.4508
0.4491
0.4445
0.44705
0.44795
0.4496
0.44895
0.45135
0.4499
0.44845
0.45335
0.4488
0.46215
0.4633
0.4453
0.46005
0.46365
0.4502
0.45135
0.46385
0.44275
0.4643
0.46155
0.47135
0.45085
0.45985
0.4628
