101

0
0.0003
0.0006
0.0015
0.0057
0.01405
0.0209
0.02535
0.0424
0.04945
0.08735
0.101
0.11725
0.14775
0.1749
0.203
0.2288
0.2458
0.27895
0.3037
0.3213
0.3438
0.3705
0.38575
0.4026
0.40675
0.42995
0.44615
0.4505
0.4709
0.476
0.48635
0.48645
0.4893
0.5082
0.51495
0.5169
0.5254
0.5285
0.5301
0.53915
0.5425
0.54495
0.5422
0.54395
0.54585
0.5486
0.5449
0.54935
0.5491
0.5497
0.56295
0.5508
0.55185
0.55115
0.5491
0.5544
0.55905
0.54425
0.55265
0.54795
0.5407
0.54955
0.5412
0.5461
0.5342
0.53245
0.53095
0.52845
0.51865
0.516
0.51325
0.5113
0.50865
0.4986
0.4987
0.4951
0.488
0.4835
0.47625
0.46965
0.46335
0.4606
0.4524
0.44025
0.43965
0.43585
0.4225
0.4187
0.4104
0.4038
0.39705
0.38685
0.3791
0.36955
0.36
0.34575
0.33885
0.3257
0.31255
0.3
